64 100			-- Size of tile map in tiles
16 16 			-- Tile size & block size
images/tileset.png 	-- Tilesheet
58 52			-- Number of tiles in tilesheet
1097 1097 1097 1097 1097 1097 1097 1097 1097 1097 1097 1097 1097 1097 1097 1097 1097 1097 1097 1097 1097 1097 1097 1097 1097 1097 1097 1097 1097 1097 1097 1097 1097 1097 1097 1097 1097 1097 1097 1097 1097 1097 1097 1097 1097 1097 1097 1097 1097 1097 1097 1097 1097 1097 1097 1097 1097 1097 1097 1097 1097 1097 1097 1097 
1097 1097 1097 1097 1097 1097 1097 1097 1097 1097 1097 1097 1097 1097 1097 1097 1097 1097 1097 1097 1097 2495 2496 2497 2498 1097 1097 1097 1097 1097 1097 1097 1097 1097 1097 1097 1097 1097 1097 1097 1097 1097 1097 1097 1097 1097 1097 1097 1097 1097 1097 1097 1097 1097 1097 1097 1097 1097 1097 1097 1097 1097 1097 1097 
1097 1097 1097 1097 1097 1097 1097 1097 1097 1097 1097 1097 1097 1097 1097 1097 1097 1097 1097 1097 1097 2553 2554 2555 2556 1097 1097 1097 1097 1097 1097 1097 1097 1097 1097 1097 1097 1097 1097 1097 1097 1097 1097 1097 1097 1097 1097 1097 1097 1097 1097 1097 1097 1097 1097 1097 1097 1097 1097 1097 1097 1097 1097 1097 
1097 1097 1097 1097 1097 1097 1097 1097 1097 1097 1097 1097 1097 1097 1097 1097 1097 1097 1097 1097 1097 2611 2612 2613 2614 1097 1097 451 452 1097 1097 1097 1097 1097 1097 451 452 1097 1097 1097 1097 1097 1097 1097 1097 1097 1097 1097 1097 1097 1097 1097 1097 1097 1097 1097 1097 1097 1097 1097 1097 1097 1097 1097 
1097 1097 1097 1097 1097 1097 1097 1097 1097 1097 1097 1097 1097 1097 1097 1097 1097 1097 1097 1097 1097 2669 2670 2671 2672 1097 1097 509 510 1097 1097 1097 1097 1097 1097 509 510 1097 1097 1097 1097 1097 1097 1097 1097 1097 1097 1097 1097 1097 1097 1097 1097 1097 1097 1097 1097 1097 1097 1097 1097 1097 1097 1097 
1097 1097 1097 1097 1097 1097 1097 1097 1097 1097 1097 1097 1097 1097 1097 1097 1097 1097 1097 1097 1097 2495 2496 2497 2498 1097 1097 1097 1097 1097 1097 1097 1097 1097 1097 1097 1097 1097 1097 1097 1097 1097 1097 1097 1097 1097 1097 1097 1097 1097 1097 1097 1097 1097 1097 1097 1097 1097 1097 1097 1097 1097 1097 1097 
1097 1097 1097 1097 1097 1097 1097 1097 1097 1097 1097 1097 1097 1097 1097 1097 1097 1097 1097 1097 1097 2553 2554 2555 2556 1097 1097 1097 1097 1097 1097 1097 1097 1097 1097 1097 1097 1097 1097 1097 1097 1097 1097 1097 1097 1097 1097 1097 1097 1097 1097 1097 1097 1097 1097 1097 1097 1097 1097 1097 1097 1097 1097 1097 
1097 1097 1097 1097 1097 1097 1097 1097 1097 1097 1097 1097 1097 1097 1097 1097 1097 1097 1097 1097 1097 2611 2612 2613 2614 1097 1097 1097 1097 1097 1097 1097 1097 1097 1097 1097 1097 1097 1097 1097 1097 1097 1097 1097 1097 1097 1097 1097 1097 1097 1097 1097 1097 1097 1097 1097 1097 1097 1097 1097 1097 1097 1097 1097 
1097 1097 1097 1097 1097 1097 1097 1097 1097 1097 1097 1097 1097 1097 1097 1097 1097 1097 1097 1097 1097 2669 2670 2671 2672 1097 1097 1097 1097 1097 1097 1097 1097 1097 1097 1097 1097 1097 1097 1097 1097 1097 451 452 1097 1097 1097 1097 1097 1097 1097 1097 1097 1097 1097 1097 1097 1097 1097 1097 1097 1097 1097 1097 
1097 1097 1097 1097 1097 1097 1097 1097 1097 1097 1097 1097 1097 1097 1097 1097 1097 1097 1097 1097 1097 2495 2496 2497 2498 2495 2496 2497 2498 2495 2496 2497 2498 1097 1097 1097 1097 1097 1097 1097 1097 1097 509 510 1097 1097 1097 1097 1097 1097 1097 1097 1097 1097 1097 1097 1097 1097 1097 1097 1097 1097 1097 1097 
1097 1097 1097 1097 1097 1097 1097 1097 1097 1097 1097 1097 1097 1097 1097 1097 1097 1097 1097 1097 1097 2553 2554 2555 2556 2553 2554 2555 2556 2553 2554 2555 2556 1097 1097 1097 1097 1097 1097 1097 1097 1097 1097 1097 1097 1097 1097 1097 1097 1097 1097 1097 1097 1097 1097 1097 1097 1097 1097 1097 1097 1097 1097 1097 
1097 1097 1097 1097 1097 1097 1097 1097 1097 1097 1097 1097 1097 1097 1097 1097 1097 1097 1097 1097 1097 2611 2612 2613 2614 2611 2612 2613 2614 2611 2612 2613 2614 1097 1097 1097 1097 1097 1097 1097 1097 1097 1097 1097 1097 1097 1097 1097 1097 1097 1097 1097 1097 1097 1097 1097 1097 1097 1097 1097 1097 1097 1097 1097 
1097 1097 1097 1097 1097 1097 1097 1097 1097 1097 1097 1097 1097 1097 1097 1097 1097 1097 1097 1097 1097 2669 2670 2671 2672 2669 2670 2671 2672 2669 2670 2671 2672 1097 1097 1097 1097 451 452 1097 1097 1097 1097 1097 1097 1097 1097 1097 1097 1097 1097 1097 1097 1097 1097 1097 1097 1097 1097 1097 1097 1097 1097 1097 
1097 1097 1097 1097 1097 1097 1097 1097 1097 1097 1097 1097 1097 1097 1097 1097 1097 1097 1097 1097 1097 1097 1097 1097 1097 1097 1097 1097 1097 2495 2496 2497 2498 1097 1097 1097 1097 509 510 1097 1097 1097 1097 1097 1097 1097 1097 1097 1097 1097 1097 1097 1097 1097 1097 1097 1097 1097 1097 1097 1097 1097 1097 1097 
1097 1097 1097 1097 1097 1097 1097 1097 1097 1097 1097 1097 1097 1097 1097 1097 1097 1097 1097 1097 1097 1097 1097 1097 1097 1097 1097 1097 1097 2553 2554 2555 2556 1097 1097 1097 1097 1097 1097 1097 1097 1097 1097 1097 1097 1097 1097 1097 1097 1097 1097 1097 1097 1097 1097 1097 1097 1097 1097 1097 1097 1097 1097 1097 
1097 1097 1097 1097 1097 1097 1097 1097 1097 1097 1097 1097 1097 1097 1097 1097 1097 1097 1097 1097 1097 1097 1097 1097 1097 1097 451 452 1097 2611 2612 2613 2614 1097 1097 1097 1097 1097 1097 1097 1097 1097 1097 451 452 1097 1097 1097 1097 1097 1097 1097 1097 1097 1097 1097 1097 1097 1097 1097 1097 1097 1097 1097 
1097 1097 1097 1097 1097 1097 1097 1097 1097 1097 1097 1097 1097 1097 1097 1097 1097 1097 1097 1097 1097 1097 1097 1097 1097 1097 509 510 1097 2669 2670 2671 2672 1097 1097 1097 1097 1097 1097 1097 1097 1097 1097 509 510 1097 1097 1097 1097 1097 1097 1097 1097 1097 1097 1097 1097 1097 1097 1097 1097 1097 1097 1097 
1097 1097 1097 1097 1097 1097 1097 1097 1097 1097 1097 1097 1097 1097 1097 1097 1097 1097 1097 1097 1097 1097 1097 1097 1097 1097 1097 1097 1097 2495 2496 2497 2498 2495 2496 2497 2498 2495 2496 2497 2498 1097 1097 1097 1097 1097 1097 1097 1097 1097 1097 1097 1097 1097 1097 1097 1097 1097 1097 1097 1097 1097 1097 1097 
1097 1097 1097 1097 1097 1097 1097 1097 1097 1097 1097 1097 1097 1097 1097 1097 1097 1097 1097 1097 1097 1097 1097 1097 1097 1097 1097 1097 1097 2553 2554 2555 2556 2553 2554 2555 2556 2553 2554 2555 2556 1097 1097 1097 1097 1097 1097 1097 1097 1097 1097 1097 1097 1097 1097 1097 1097 1097 1097 1097 1097 1097 1097 1097 
1097 1097 1097 1097 1097 1097 1097 1097 1097 1097 1097 1097 1097 1097 1097 1097 1097 1097 1097 1097 1097 1097 1097 1097 1097 1097 1097 1097 1097 2611 2612 2613 2614 2611 2612 2613 2614 2611 2612 2613 2614 1097 1097 1097 1097 1097 1097 1097 1097 1097 1097 1097 1097 1097 1097 1097 1097 1097 1097 1097 1097 1097 1097 1097 
1097 1097 1097 1097 1097 1097 1097 1097 1097 1097 1097 1097 1097 1097 1097 1097 1097 1097 451 451 452 1097 1097 1097 1097 1097 1097 1097 1097 2669 2670 2671 2672 2669 2670 2671 2672 2669 2670 2671 2672 1097 1097 1097 1097 1097 1097 1097 1097 1097 1097 1097 1097 1097 1097 1097 1097 1097 1097 1097 1097 1097 1097 1097 
1097 1097 1097 1097 1097 1097 1097 1097 1097 1097 1097 1097 1097 1097 1097 1097 1097 1097 509 509 510 1097 1097 1097 1097 1097 1097 1097 1097 2495 2496 2497 2498 1097 1097 1097 1097 2495 2496 2497 2498 1097 1097 1097 1097 1097 1097 1097 1097 1097 1097 1097 1097 1097 1097 1097 1097 1097 1097 1097 1097 1097 1097 1097 
1097 1097 1097 1097 1097 1097 1097 1097 1097 1097 1097 1097 1097 1097 1097 1097 1097 1097 1097 1097 1097 1097 1097 1097 1097 1097 1097 1097 1097 2553 2554 2555 2556 1097 1097 1097 1097 2553 2554 2555 2556 1097 1097 1097 1097 1097 1097 1097 1097 1097 1097 1097 1097 1097 1097 1097 1097 1097 1097 1097 1097 1097 1097 1097 
1097 1097 1097 1097 1097 1097 1097 1097 1097 1097 1097 1097 1097 1097 1097 1097 1097 1097 1097 1097 1097 1097 1097 1097 1097 1097 1097 1097 1097 2611 2612 2613 2614 1097 1097 1097 1097 2611 2612 2613 2614 1097 1097 1097 1097 1097 1097 1097 1097 1097 1097 1097 1097 1097 1097 1097 1097 1097 1097 1097 1097 1097 1097 1097 
1097 1097 1097 1097 1097 1097 1097 1097 1097 1097 1097 1097 1097 1097 1097 1097 1097 1097 1097 1097 1097 1097 1097 1097 1097 1097 1097 1097 1097 2669 2670 2671 2672 1097 1097 1097 1097 2669 2670 2671 2672 1097 1097 1097 1097 1097 1097 1097 1097 1097 1097 1097 1097 1097 1097 1097 1097 1097 1097 1097 1097 1097 1097 1097 
1097 1097 1097 1097 1097 1097 1097 1097 1097 1097 1097 1097 1097 1097 1097 1097 1097 1097 1097 1097 1097 2495 2496 2497 2498 2495 2496 2497 2498 2495 2496 2497 2498 1097 1097 1097 1097 2495 2496 2497 2498 2495 2496 2497 2498 2495 2496 1097 1097 1097 1097 1097 1097 1097 1097 1097 1097 1097 1097 1097 1097 1097 1097 1097 
1097 1097 1097 1097 1097 1097 1097 1097 1097 1097 1097 1097 1097 1097 1097 1097 1097 1097 1097 1097 1097 2553 2554 2555 2556 2553 2554 2555 2556 2553 2554 2555 2556 1097 1097 1097 1097 2553 2554 2555 2556 2553 2554 2555 2556 2553 2554 1097 1097 1097 1097 1097 1097 1097 1097 1097 1097 1097 1097 1097 1097 1097 1097 1097 
1097 1097 1097 1097 1097 1097 1097 1097 1097 1097 1097 1097 1097 1097 1097 1097 1097 1097 1097 1097 1097 2611 2612 2613 2614 2611 2612 2613 2614 2611 2612 2613 2614 1097 1097 1097 1097 2611 2612 2613 2614 2611 2612 2613 2614 2611 2612 1097 1097 1097 1097 1097 1097 1097 1097 1097 1097 1097 1097 1097 1097 1097 1097 1097 
1097 1097 1097 1097 1097 1097 1097 1097 1097 1097 1097 1097 1097 1097 1097 1097 1097 1097 1097 1097 1097 2669 2670 2671 2672 2669 2670 2671 2672 2669 2670 2671 2672 1097 1097 1097 1097 2669 2670 2671 2672 2669 2670 2671 2672 2669 2670 1097 1097 1097 1097 1097 1097 1097 1097 1097 1097 1097 1097 1097 1097 1097 1097 1097 
1097 1097 1097 1097 1097 1097 1097 1097 1097 1097 1097 1097 1097 1097 1097 1097 1097 2495 2496 2497 2498 2495 2496 2497 2498 1097 1097 1097 1097 2495 2496 2497 2498 1097 1097 1097 1097 1097 1097 1097 1097 1097 1097 1097 1097 1097 1097 1097 1097 1097 1097 1097 1097 1097 1097 1097 1097 1097 1097 1097 1097 1097 1097 1097 
1097 1097 1097 1097 1097 1097 1097 1097 1097 1097 1097 1097 1097 1097 1097 1097 1097 2553 2554 2555 2556 2553 2554 2555 2556 1097 1097 1097 1097 2553 2554 2555 2556 1097 1097 1097 1097 1097 1097 1097 1097 1097 1097 1097 1097 1097 1097 1097 1097 1097 1097 1097 1097 1097 1097 1097 1097 1097 1097 1097 1097 1097 1097 1097 
1097 1097 1097 1097 1097 1097 1097 1097 1097 1097 1097 1097 1097 1097 1097 1097 1097 2611 2612 2613 2614 2611 2612 2613 2614 1097 1097 1097 1097 2611 2612 2613 2614 1097 1097 1097 1097 1097 1097 1097 1097 1097 1097 1097 1097 1097 1097 1097 1097 1097 1097 1097 1097 1097 1097 1097 1097 1097 1097 1097 1097 1097 1097 1097 
1097 1097 1097 1097 1097 1097 1097 1097 1097 1097 1097 1097 1097 1097 1097 1097 1097 2669 2670 2671 2672 2669 2670 2671 2672 1097 1097 1097 1097 2669 2670 2671 2672 1097 1097 1097 1097 1097 1097 1097 1097 1097 451 452 1097 1097 1097 1097 1097 1097 1097 1097 1097 1097 1097 1097 1097 1097 1097 1097 1097 1097 1097 1097 
1097 1097 1097 1097 1097 1097 1097 1097 1097 1097 1097 1097 1097 1097 1097 1097 1097 1097 1097 1097 1097 1097 1097 1097 1097 1097 1097 1097 1097 2495 2496 2497 2498 1097 1097 1097 1097 1097 1097 1097 1097 1097 509 510 1097 1097 1097 1097 1097 1097 1097 1097 1097 1097 1097 1097 1097 1097 1097 1097 1097 1097 1097 1097 
1097 1097 1097 1097 1097 1097 1097 1097 1097 1097 1097 1097 1097 1097 1097 1097 1097 1097 1097 1097 1097 1097 1097 1097 1097 1097 1097 1097 1097 2553 2554 2555 2556 1097 1097 1097 1097 451 452 1097 1097 1097 1097 1097 1097 1097 1097 1097 1097 1097 1097 1097 1097 1097 1097 1097 1097 1097 1097 1097 1097 1097 1097 1097 
1097 1097 1097 1097 1097 1097 1097 1097 1097 1097 1097 1097 1097 1097 1097 1097 1097 1097 1097 1097 1097 1097 1097 1097 1097 1097 1097 1097 1097 2611 2612 2613 2614 1097 1097 1097 1097 509 510 1097 1097 1097 1097 1097 1097 1097 1097 1097 1097 1097 1097 1097 1097 1097 1097 1097 1097 1097 1097 1097 1097 1097 1097 1097 
1097 1097 1097 1097 1097 1097 1097 1097 1097 1097 1097 1097 1097 1097 1097 1097 1097 1097 1097 1097 1097 1097 1097 1097 1097 1097 1097 1097 1097 2669 2670 2671 2672 1097 1097 1097 1097 1097 1097 1097 1097 1097 1097 1097 1097 1097 1097 1097 1097 1097 1097 1097 1097 1097 1097 1097 1097 1097 1097 1097 1097 1097 1097 1097 
1097 1097 1097 1097 1097 1097 1097 1097 1097 1097 1097 1097 1097 1097 1097 1097 1097 1097 1097 1097 1097 451 452 1097 1097 1097 1097 1097 1097 2495 2496 2497 2498 1097 1097 1097 1097 1097 1097 1097 1097 1097 1097 1097 1097 1097 1097 1097 1097 1097 1097 1097 1097 1097 1097 1097 1097 1097 1097 1097 1097 1097 1097 1097 
1097 1097 1097 1097 1097 1097 1097 1097 1097 1097 1097 1097 1097 1097 1097 1097 1097 1097 1097 1097 1097 509 510 1097 1097 1097 1097 1097 1097 2553 2554 2555 2556 1097 1097 1097 1097 1097 1097 1097 1097 1097 1097 1097 1097 1097 1097 1097 1097 1097 1097 1097 1097 1097 1097 1097 1097 1097 1097 1097 1097 1097 1097 1097 
1097 1097 1097 1097 1097 1097 1097 1097 1097 1097 1097 1097 1097 1097 1097 1097 1097 1097 1097 1097 1097 1097 1097 1097 1097 1097 1097 1097 1097 2611 2612 2613 2614 1097 1097 1097 1097 1097 1097 1097 1097 1097 1097 1097 1097 1097 1097 1097 1097 1097 1097 1097 1097 1097 1097 1097 1097 1097 1097 1097 1097 1097 1097 1097 
1097 1097 1097 1097 1097 1097 1097 1097 1097 1097 1097 1097 1097 1097 1097 1097 1097 1097 1097 1097 1097 1097 1097 1097 1097 1097 1097 1097 1097 2669 2670 2671 2672 1097 1097 1097 1097 1097 1097 1097 1097 1097 1097 1097 1097 1097 1097 1097 1097 1097 1097 1097 1097 1097 1097 1097 1097 1097 1097 1097 1097 1097 1097 1097 
1097 1097 1097 1097 1097 1097 1097 1097 1097 1097 1097 1097 1097 1097 1097 1097 1097 1097 1097 1097 1097 1097 1097 451 452 1097 1097 1097 1097 2495 2496 2497 2498 1097 1097 1097 1097 1097 1097 1097 1097 1097 451 452 1097 1097 1097 1097 1097 1097 1097 1097 1097 1097 1097 1097 1097 1097 1097 1097 1097 1097 1097 1097 
1097 1097 1097 1097 1097 1097 1097 1097 1097 1097 1097 1097 1097 1097 1097 1097 1097 1097 1097 1097 1097 1097 1097 509 510 1097 1097 1097 1097 2553 2554 2555 2556 1097 1097 1097 1097 1097 1097 1097 1097 1097 509 510 1097 1097 1097 1097 1097 1097 1097 1097 1097 1097 1097 1097 1097 1097 1097 1097 1097 1097 1097 1097 
1097 1097 1097 1097 1097 1097 1097 1097 1097 1097 1097 1097 1097 1097 1097 1097 1097 1097 1097 1097 1097 1097 1097 1097 1097 1097 1097 1097 1097 2611 2612 2613 2614 1097 1097 1097 1097 1097 1097 1097 1097 1097 1097 1097 1097 1097 1097 1097 1097 1097 1097 1097 1097 1097 1097 1097 1097 1097 1097 1097 1097 1097 1097 1097 
1097 1097 1097 1097 1097 1097 1097 1097 1097 1097 1097 1097 1097 1097 1097 1097 1097 1097 1097 1097 1097 1097 1097 1097 1097 1097 1097 1097 1097 2669 2670 2671 2672 1097 451 452 1097 1097 1097 1097 1097 1097 1097 1097 1097 1097 1097 1097 1097 1097 1097 1097 1097 1097 1097 1097 1097 1097 1097 1097 1097 1097 1097 1097 
1097 1097 1097 1097 1097 1097 1097 1097 1097 1097 1097 1097 1097 1097 1097 1097 1097 1097 1097 1097 1097 2495 2496 2497 2498 2495 2496 2497 2498 2495 2496 2497 2498 1097 509 510 1097 1097 1097 1097 1097 1097 1097 1097 1097 1097 1097 1097 1097 1097 1097 1097 1097 1097 1097 1097 1097 1097 1097 1097 1097 1097 1097 1097 
1097 1097 1097 1097 1097 1097 1097 1097 1097 1097 1097 1097 1097 1097 1097 1097 1097 1097 1097 1097 1097 2553 2554 2555 2556 2553 2554 2555 2556 2553 2554 2555 2556 1097 1097 1097 1097 1097 1097 1097 1097 1097 1097 1097 1097 1097 1097 1097 1097 1097 1097 1097 1097 1097 1097 1097 1097 1097 1097 1097 1097 1097 1097 1097 
1097 1097 1097 1097 1097 1097 1097 1097 1097 1097 1097 1097 1097 1097 1097 1097 1097 1097 1097 1097 1097 2611 2612 2613 2614 2611 2612 2613 2614 2611 2612 2613 2614 1097 1097 1097 1097 1097 1097 1097 1097 1097 1097 1097 1097 1097 1097 1097 1097 1097 1097 1097 1097 1097 1097 1097 1097 1097 1097 1097 1097 1097 1097 1097 
1097 1097 1097 1097 1097 1097 1097 1097 1097 1097 1097 1097 1097 1097 1097 1097 1097 1097 1097 1097 1097 2669 2670 2671 2672 2669 2670 2671 2672 2669 2670 2671 2672 1097 1097 1097 1097 1097 1097 1097 1097 1097 1097 1097 1097 1097 1097 1097 1097 1097 1097 1097 1097 1097 1097 1097 1097 1097 1097 1097 1097 1097 1097 1097 
1097 1097 1097 1097 1097 1097 1097 1097 1097 1097 1097 1097 1097 1097 1097 1097 1097 1097 1097 1097 1097 2495 2496 2497 2498 1097 1097 1097 1097 2495 2496 2497 2498 1097 1097 1097 1097 1097 1097 1097 1097 1097 1097 1097 1097 1097 1097 1097 1097 1097 1097 1097 1097 1097 1097 1097 1097 1097 1097 1097 1097 1097 1097 1097 
1097 1097 1097 1097 1097 1097 1097 1097 1097 1097 1097 1097 1097 1097 1097 1097 1097 1097 1097 1097 1097 2553 2554 2555 2556 1097 1097 1097 1097 2553 2554 2555 2556 1097 1097 1097 1097 1097 1097 1097 1097 1097 1097 1097 1097 1097 1097 1097 1097 1097 1097 1097 1097 1097 1097 1097 1097 1097 1097 1097 1097 1097 1097 1097 
1097 1097 1097 1097 1097 1097 1097 1097 1097 1097 1097 1097 1097 1097 1097 1097 1097 1097 1097 1097 1097 2611 2612 2613 2614 1097 1097 1097 1097 2611 2612 2613 2614 1097 1097 1097 1097 1097 1097 1097 1097 1097 1097 1097 1097 1097 1097 1097 1097 1097 1097 1097 1097 1097 1097 1097 1097 1097 1097 1097 1097 1097 1097 1097 
1097 1097 1097 1097 1097 1097 1097 1097 1097 1097 1097 1097 1097 1097 1097 1097 1097 1097 1097 1097 1097 2669 2670 2671 2672 1097 1097 1097 1097 2669 2670 2671 2672 1097 1097 1097 1097 1097 451 452 1097 1097 1097 1097 1097 1097 1097 1097 1097 1097 1097 1097 1097 1097 1097 1097 1097 1097 1097 1097 1097 1097 1097 1097 
1097 1097 1097 1097 1097 1097 1097 1097 1097 1097 1097 1097 1097 1097 1097 1097 1097 1097 1097 1097 1097 2495 2496 2497 2498 1097 1097 1097 1097 2495 2496 2497 2498 1097 1097 1097 1097 1097 509 510 1097 1097 1097 1097 1097 1097 1097 1097 1097 1097 1097 1097 1097 1097 1097 1097 1097 1097 1097 1097 1097 1097 1097 1097 
1097 1097 1097 1097 1097 1097 1097 1097 1097 1097 1097 1097 1097 1097 1097 1097 1097 1097 1097 1097 1097 2553 2554 2555 2556 1097 1097 1097 1097 2553 2554 2555 2556 1097 1097 1097 1097 1097 1097 1097 1097 1097 1097 1097 1097 1097 1097 1097 1097 1097 1097 1097 1097 1097 1097 1097 1097 1097 1097 1097 1097 1097 1097 1097 
1097 1097 1097 1097 1097 1097 1097 1097 1097 1097 1097 1097 1097 1097 1097 1097 1097 1097 1097 1097 1097 2611 2612 2613 2614 1097 1097 1097 1097 2611 2612 2613 2614 1097 1097 1097 1097 1097 1097 1097 1097 1097 1097 1097 1097 1097 1097 1097 1097 1097 1097 1097 1097 1097 1097 1097 1097 1097 1097 1097 1097 1097 1097 1097 
1097 1097 1097 1097 1097 1097 1097 1097 1097 1097 1097 1097 1097 1097 1097 1097 1097 1097 1097 1097 1097 2669 2670 2671 2672 1097 1097 1097 1097 2669 2670 2671 2672 1097 1097 1097 1097 1097 1097 1097 1097 1097 1097 1097 1097 1097 1097 1097 1097 1097 1097 1097 1097 1097 1097 1097 1097 1097 1097 1097 1097 1097 1097 1097 
1097 1097 1097 1097 1097 1097 1097 1097 1097 1097 1097 1097 1097 1097 1097 1097 1097 1097 1097 1097 1097 2495 2496 2497 2498 1097 1097 1097 1097 2495 2496 2497 2498 2495 2496 2497 2498 2495 2496 2497 2498 1097 1097 1097 1097 1097 1097 1097 1097 1097 1097 1097 1097 1097 1097 1097 1097 1097 1097 1097 1097 1097 1097 1097 
1097 1097 1097 1097 1097 1097 1097 1097 1097 1097 1097 1097 1097 1097 1097 1097 1097 1097 1097 1097 1097 2553 2554 2555 2556 1097 1097 1097 1097 2553 2554 2555 2556 2553 2554 2555 2556 2553 2554 2555 2556 1097 1097 1097 1097 1097 1097 1097 1097 1097 1097 1097 1097 1097 1097 1097 1097 1097 1097 1097 1097 1097 1097 1097 
1097 1097 1097 1097 1097 1097 1097 1097 1097 1097 1097 1097 1097 1097 1097 1097 1097 1097 1097 1097 1097 2611 2612 2613 2614 1097 1097 1097 1097 2611 2612 2613 2614 2611 2612 2613 2614 2611 2612 2613 2614 1097 1097 1097 1097 1097 1097 1097 1097 1097 1097 1097 1097 1097 1097 1097 1097 1097 1097 1097 1097 1097 1097 1097 
1097 1097 1097 1097 1097 1097 1097 1097 1097 1097 1097 1097 1097 1097 1097 1097 1097 1097 1097 1097 1097 2669 2670 2671 2672 1097 1097 1097 1097 2669 2670 2671 2672 2669 2670 2671 2672 2669 2670 2671 2672 1097 1097 1097 1097 1097 1097 1097 1097 1097 1097 1097 1097 1097 1097 1097 1097 1097 1097 1097 1097 1097 1097 1097 
1097 1097 1097 1097 1097 1097 1097 1097 1097 1097 1097 1097 1097 1097 1097 1097 1097 1097 1097 1097 1097 2495 2496 2497 2498 1097 1097 1097 1097 1097 1097 1097 1097 1097 1097 1097 1097 2495 2496 2497 2498 1097 1097 1097 451 452 1097 1097 1097 1097 1097 1097 1097 1097 1097 1097 1097 1097 1097 1097 1097 1097 1097 1097 
1097 1097 1097 1097 1097 1097 1097 1097 1097 1097 1097 1097 1097 1097 1097 1097 1097 1097 1097 1097 1097 2553 2554 2555 2556 1097 1097 1097 1097 1097 1097 1097 1097 1097 1097 1097 1097 2553 2554 2555 2556 1097 1097 1097 509 510 1097 1097 1097 1097 1097 1097 1097 1097 1097 1097 1097 1097 1097 1097 1097 1097 1097 1097 
1097 1097 1097 1097 1097 1097 1097 1097 1097 1097 1097 1097 1097 1097 1097 1097 1097 1097 1097 1097 1097 2611 2612 2613 2614 1097 1097 1097 1097 1097 1097 1097 1097 1097 1097 1097 1097 2611 2612 2613 2614 1097 1097 1097 1097 1097 1097 1097 1097 1097 1097 1097 1097 1097 1097 1097 1097 1097 1097 1097 1097 1097 1097 1097 
1097 1097 1097 1097 1097 1097 1097 1097 1097 1097 1097 1097 1097 1097 1097 1097 1097 1097 1097 1097 1097 2669 2670 2671 2672 1097 1097 1097 1097 1097 1097 1097 1097 1097 1097 1097 1097 2669 2670 2671 2672 1097 1097 1097 1097 1097 1097 1097 1097 1097 1097 1097 1097 1097 1097 1097 1097 1097 1097 1097 1097 1097 1097 1097 
1097 1097 1097 1097 1097 1097 1097 1097 1097 1097 1097 1097 1097 1097 1097 1097 1097 1097 1097 1097 1097 2495 2496 2497 2498 1097 1097 1097 1097 2495 2496 2497 2498 2495 2496 2497 2498 2495 2496 2497 2498 1097 1097 1097 1097 1097 1097 1097 1097 1097 1097 1097 1097 1097 1097 1097 1097 1097 1097 1097 1097 1097 1097 1097 
1097 1097 1097 1097 1097 1097 1097 1097 1097 1097 1097 1097 1097 1097 1097 1097 1097 1097 1097 1097 1097 2553 2554 2555 2556 1097 1097 1097 1097 2553 2554 2555 2556 2553 2554 2555 2556 2553 2554 2555 2556 1097 1097 1097 1097 1097 1097 1097 1097 1097 1097 1097 1097 1097 1097 1097 1097 1097 1097 1097 1097 1097 1097 1097 
1097 1097 1097 1097 1097 1097 1097 1097 1097 1097 1097 1097 1097 1097 1097 1097 1097 1097 1097 1097 1097 2611 2612 2613 2614 1097 1097 1097 1097 2611 2612 2613 2614 2611 2612 2613 2614 2611 2612 2613 2614 1097 1097 1097 1097 1097 1097 1097 1097 1097 1097 1097 1097 1097 1097 1097 1097 1097 1097 1097 1097 1097 1097 1097 
1097 1097 1097 1097 1097 1097 1097 1097 1097 1097 1097 1097 1097 1097 1097 1097 1097 1097 1097 1097 1097 2669 2670 2671 2672 1097 1097 1097 1097 2669 2670 2671 2672 2669 2670 2671 2672 2669 2670 2671 2672 1097 1097 1097 1097 1097 1097 1097 1097 1097 1097 1097 1097 1097 1097 1097 1097 1097 1097 1097 1097 1097 1097 1097 
1097 1097 1097 1097 1097 1097 1097 1097 1097 1097 1097 1097 1097 1097 1097 1097 1097 1097 1097 1097 1097 2495 2496 2497 2498 1097 1097 1097 1097 2495 2496 2497 2498 1097 1097 1097 1097 2495 2496 2497 2498 2495 2496 2497 2498 2495 2496 1097 1097 1097 1097 1097 1097 1097 1097 1097 1097 1097 1097 1097 1097 1097 1097 1097 
1097 1097 1097 1097 1097 1097 1097 1097 1097 1097 1097 1097 1097 1097 1097 1097 1097 1097 1097 1097 1097 2553 2554 2555 2556 1097 1097 1097 1097 2553 2554 2555 2556 1097 1097 1097 1097 2553 2554 2555 2556 2553 2554 2555 2556 2553 2554 1097 1097 1097 1097 1097 1097 1097 1097 1097 1097 1097 1097 1097 1097 1097 1097 1097 
1097 1097 1097 1097 1097 1097 1097 1097 1097 1097 1097 1097 1097 1097 1097 1097 1097 1097 1097 1097 1097 2611 2612 2613 2614 1097 1097 1097 1097 2611 2612 2613 2614 1097 1097 1097 1097 2611 2612 2613 2614 2611 2612 2613 2614 2611 2612 1097 1097 1097 1097 1097 1097 1097 1097 1097 1097 1097 1097 1097 1097 1097 1097 1097 
1097 1097 1097 1097 1097 1097 1097 1097 1097 1097 1097 1097 1097 1097 1097 1097 1097 1097 1097 1097 1097 2669 2670 2671 2672 1097 1097 1097 1097 2669 2670 2671 2672 1097 1097 1097 1097 2669 2670 2671 2672 2669 2670 2671 2672 2669 2670 1097 1097 1097 1097 1097 1097 1097 1097 1097 1097 1097 1097 1097 1097 1097 1097 1097 
1097 1097 1097 1097 1097 1097 1097 1097 1097 1097 1097 1097 1097 1097 1097 1097 1097 2495 2496 2497 2498 2495 2496 2497 2498 1097 1097 1097 1097 2495 2496 2497 2498 1097 1097 1097 1097 1097 1097 1097 1097 1097 1097 1097 1097 1097 1097 1097 1097 1097 1097 1097 1097 1097 1097 1097 1097 1097 1097 1097 1097 1097 1097 1097 
1097 1097 1097 1097 1097 1097 1097 1097 1097 1097 1097 1097 1097 1097 1097 1097 1097 2553 2554 2555 2556 2553 2554 2555 2556 1097 1097 1097 1097 2553 2554 2555 2556 1097 1097 1097 1097 1097 1097 1097 1097 1097 1097 1097 1097 1097 1097 1097 1097 1097 1097 1097 1097 1097 1097 1097 1097 1097 1097 1097 1097 1097 1097 1097 
1097 1097 1097 1097 1097 1097 1097 1097 1097 1097 1097 1097 1097 1097 1097 1097 1097 2611 2612 2613 2614 2611 2612 2613 2614 1097 1097 1097 1097 2611 2612 2613 2614 1097 1097 1097 1097 1097 1097 1097 1097 1097 1097 1097 1097 1097 1097 1097 1097 1097 1097 1097 1097 1097 1097 1097 1097 1097 1097 1097 1097 1097 1097 1097 
1097 1097 1097 1097 1097 1097 1097 1097 1097 1097 1097 1097 1097 1097 1097 1097 1097 2669 2670 2671 2672 2669 2670 2671 2672 1097 1097 1097 1097 2669 2670 2671 2672 1097 1097 1097 1097 1097 1097 1097 1097 1097 1097 1097 1097 1097 1097 1097 1097 1097 1097 1097 1097 1097 1097 1097 1097 1097 1097 1097 1097 1097 1097 1097 
1097 1097 1097 1097 1097 1097 1097 1097 1097 1097 1097 1097 1097 1097 1097 1097 1097 1097 1097 1097 1097 1097 1097 1097 1097 1097 1097 1097 1097 2495 2496 2497 2498 1097 1097 1097 1097 1097 1097 1097 1097 1097 1097 1097 1097 1097 1097 1097 1097 1097 1097 1097 1097 1097 1097 1097 1097 1097 1097 1097 1097 1097 1097 1097 
1097 1097 1097 1097 1097 1097 1097 1097 1097 1097 1097 1097 1097 1097 1097 1097 1097 1097 1097 1097 1097 1097 1097 1097 1097 1097 1097 1097 1097 2553 2554 2555 2556 1097 1097 1097 1097 1097 1097 1097 1097 1097 451 452 1097 1097 1097 1097 1097 1097 1097 1097 1097 1097 1097 1097 1097 1097 1097 1097 1097 1097 1097 1097 
1097 1097 1097 1097 1097 1097 1097 1097 1097 1097 1097 1097 1097 1097 1097 1097 1097 1097 1097 1097 1097 1097 1097 1097 1097 1097 1097 1097 1097 2611 2612 2613 2614 1097 1097 1097 1097 1097 1097 1097 1097 1097 509 510 1097 1097 1097 1097 1097 1097 1097 1097 1097 1097 1097 1097 1097 1097 1097 1097 1097 1097 1097 1097 
1097 1097 1097 1097 1097 1097 1097 1097 1097 1097 1097 1097 1097 1097 1097 1097 1097 1097 1097 1097 1097 1097 1097 1097 1097 1097 1097 1097 1097 2669 2670 2671 2672 1097 1097 1097 1097 1097 1097 1097 1097 1097 1097 1097 1097 1097 1097 1097 1097 1097 1097 1097 1097 1097 1097 1097 1097 1097 1097 1097 1097 1097 1097 1097 
1097 1097 1097 1097 1097 1097 1097 1097 1097 1097 1097 1097 1097 1097 1097 1097 1097 1097 1097 1097 1097 1097 1097 1097 1097 1097 1097 1097 1097 2495 2496 2497 2498 1097 1097 1097 1097 1097 1097 1097 1097 1097 1097 1097 1097 1097 1097 1097 1097 1097 1097 1097 1097 1097 1097 1097 1097 1097 1097 1097 1097 1097 1097 1097 
1097 1097 1097 1097 1097 1097 1097 1097 1097 1097 1097 1097 1097 1097 1097 1097 1097 1097 1097 1097 1097 1097 1097 1097 1097 1097 1097 1097 1097 2553 2554 2555 2556 1097 1097 1097 1097 1097 1097 1097 1097 1097 1097 1097 1097 1097 1097 1097 1097 1097 1097 1097 1097 1097 1097 1097 1097 1097 1097 1097 1097 1097 1097 1097 
1097 1097 1097 1097 1097 1097 1097 1097 1097 1097 1097 1097 1097 1097 1097 1097 1097 1097 1097 1097 1097 1097 1097 1097 1097 1097 1097 1097 1097 2611 2612 2613 2614 1097 1097 451 452 1097 1097 1097 1097 1097 1097 1097 1097 1097 1097 1097 1097 1097 1097 1097 1097 1097 1097 1097 1097 1097 1097 1097 1097 1097 1097 1097 
1097 1097 1097 1097 1097 1097 1097 1097 1097 1097 1097 1097 1097 1097 1097 1097 1097 1097 1097 1097 1097 1097 1097 1097 1097 1097 1097 1097 1097 2669 2670 2671 2672 1097 1097 509 510 1097 1097 1097 1097 1097 1097 1097 1097 1097 1097 1097 1097 1097 1097 1097 1097 1097 1097 1097 1097 1097 1097 1097 1097 1097 1097 1097 
1097 1097 1097 1097 1097 1097 1097 1097 1097 1097 1097 1097 1097 1097 1097 1097 1097 2495 2496 2497 2498 2495 2496 2497 2498 2495 2496 2497 2498 2495 2496 2497 2498 1097 1097 1097 1097 1097 1097 1097 1097 1097 1097 1097 1097 1097 1097 1097 1097 1097 1097 1097 1097 1097 1097 1097 1097 1097 1097 1097 1097 1097 1097 1097 
1097 1097 1097 1097 1097 1097 1097 1097 1097 1097 1097 1097 1097 1097 1097 1097 1097 2553 2554 2555 2556 2553 2554 2555 2556 2553 2554 2555 2556 2553 2554 2555 2556 1097 1097 1097 1097 1097 1097 1097 1097 1097 1097 1097 1097 1097 1097 1097 1097 1097 1097 1097 1097 1097 1097 1097 1097 1097 1097 1097 1097 1097 1097 1097 
1097 1097 1097 1097 1097 1097 1097 1097 1097 1097 1097 1097 1097 1097 1097 1097 1097 2611 2612 2613 2614 2611 2612 2613 2614 2611 2612 2613 2614 2611 2612 2613 2614 1097 1097 1097 1097 1097 1097 1097 1097 1097 1097 1097 1097 1097 1097 1097 1097 1097 1097 1097 1097 1097 1097 1097 1097 1097 1097 1097 1097 1097 1097 1097 
1097 1097 1097 1097 1097 1097 1097 1097 1097 1097 1097 1097 1097 1097 1097 1097 1097 2669 2670 2671 2672 2669 2670 2671 2672 2669 2670 2671 2672 2669 2670 2671 2672 1097 1097 1097 1097 1097 1097 1097 1097 1097 1097 1097 1097 1097 1097 1097 1097 1097 1097 1097 1097 1097 1097 1097 1097 1097 1097 1097 1097 1097 1097 1097 
1097 1097 1097 1097 1097 1097 1097 1097 1097 1097 1097 1097 1097 1097 1097 1097 1097 1097 1097 1097 1097 1097 1097 1097 1097 1097 1097 1097 1097 1097 1097 1097 1097 1097 1097 1097 1097 1097 1097 1097 1097 1097 1097 1097 1097 1097 1097 1097 1097 1097 1097 1097 1097 1097 1097 1097 1097 1097 1097 1097 1097 1097 1097 1097 
1097 1097 1097 1097 1097 1097 1097 1097 1097 1097 1097 1097 1097 1097 1097 1097 1097 1097 1097 1097 1097 1097 1097 1097 1097 1097 1097 1097 1097 1097 1097 1097 1097 1097 1097 1097 1097 1097 1097 1097 1097 1097 1097 1097 1097 1097 1097 1097 1097 1097 1097 1097 1097 1097 1097 1097 1097 1097 1097 1097 1097 1097 1097 1097 
1097 1097 1097 1097 1097 1097 1097 1097 1097 1097 1097 1097 1097 1097 1097 1097 1097 1097 1097 1097 1097 1097 1097 1097 1097 1097 1097 1097 1097 1097 1097 1097 1097 1097 1097 1097 1097 1097 1097 1097 1097 1097 1097 1097 1097 1097 1097 1097 1097 1097 1097 1097 1097 1097 1097 1097 1097 1097 1097 1097 1097 1097 1097 1097 
1097 1097 1097 1097 1097 1097 1097 1097 1097 1097 1097 1097 1097 1097 1097 1097 1097 1097 1097 1097 1097 1097 1097 1097 1097 1097 1097 1097 1097 1097 1097 1097 1097 1097 451 452 1097 1097 1097 1097 1097 1097 1097 1097 1097 1097 1097 1097 1097 1097 1097 1097 1097 1097 1097 1097 1097 1097 1097 1097 1097 1097 1097 1097 
1097 1097 1097 1097 1097 1097 1097 1097 1097 1097 1097 1097 1097 1097 1097 1097 1097 1097 1097 1097 1097 1097 1097 1097 1097 1097 1097 1097 1097 1097 1097 1097 1097 1097 509 510 1097 1097 1097 1097 1097 1097 451 452 1097 1097 1097 1097 1097 1097 1097 1097 1097 1097 1097 1097 1097 1097 1097 1097 1097 1097 1097 1097 
1097 1097 1097 1097 1097 1097 1097 1097 1097 1097 1097 1097 1097 1097 1097 1097 1097 1097 1097 1097 1097 1097 1097 1097 1097 1097 1097 1097 1097 1097 1097 1097 1097 1097 1097 1097 1097 1097 1097 1097 1097 1097 509 510 1097 1097 1097 1097 1097 1097 1097 1097 1097 1097 1097 1097 1097 1097 1097 1097 1097 1097 1097 1097 
1097 1097 1097 1097 1097 1097 1097 1097 1097 1097 1097 1097 1097 1097 1097 1097 1097 1097 1097 1097 1097 1097 1097 1097 1097 1097 1097 1097 1097 1097 1097 1097 1097 1097 1097 1097 1097 1097 1097 1097 1097 1097 1097 1097 1097 1097 1097 1097 1097 1097 1097 1097 1097 1097 1097 1097 1097 1097 1097 1097 1097 1097 1097 1097 
1097 1097 1097 1097 1097 1097 1097 1097 1097 1097 1097 1097 1097 1097 1097 1097 1097 1097 1097 1097 1097 1097 1097 1097 1097 1097 1097 1097 1097 1097 1097 1097 1097 1097 1097 1097 1097 1097 1097 1097 1097 1097 1097 1097 1097 1097 1097 1097 1097 1097 1097 1097 1097 1097 1097 1097 1097 1097 1097 1097 1097 1097 1097 1097 
1097 1097 1097 1097 1097 1097 1097 1097 1097 1097 1097 1097 1097 1097 1097 1097 1097 1097 1097 1097 1097 1097 1097 1097 1097 1097 1097 1097 1097 1097 1097 1097 1097 1097 1097 1097 1097 1097 1097 1097 1097 1097 1097 1097 1097 1097 1097 1097 1097 1097 1097 1097 1097 1097 1097 1097 1097 1097 1097 1097 1097 1097 1097 1097 
1097 1097 1097 1097 1097 1097 1097 1097 1097 1097 1097 1097 1097 1097 1097 1097 1097 1097 1097 1097 1097 1097 1097 1097 1097 1097 1097 1097 1097 1097 1097 1097 1097 1097 1097 1097 1097 1097 1097 1097 1097 1097 1097 1097 1097 1097 1097 1097 1097 1097 1097 1097 1097 1097 1097 1097 1097 1097 1097 1097 1097 1097 1097 1097 
1097 1097 1097 1097 1097 1097 1097 1097 1097 1097 1097 1097 1097 1097 1097 1097 1097 1097 1097 1097 1097 1097 1097 1097 1097 1097 1097 1097 1097 1097 1097 1097 1097 1097 1097 1097 1097 1097 1097 1097 1097 1097 1097 1097 1097 1097 1097 1097 1097 1097 1097 1097 1097 1097 1097 1097 1097 1097 1097 1097 1097 1097 1097 1097